[gd_scene load_steps=5 format=2]

[ext_resource path="res://Scripts/Controller.gd" type="Script" id=1]

[sub_resource type="CapsuleMesh" id=1]

[sub_resource type="SpatialMaterial" id=3]
albedo_color = Color( 1, 0.941176, 0, 1 )

[sub_resource type="CapsuleShape" id=2]
radius = 0.998356

[node name="Macrophage" type="RigidBody"]
linear_damp = 6.0
angular_damp = 1.0
script = ExtResource( 1 )

[node name="MeshInstance" type="MeshInstance" parent="."]
transform = Transform( -0.758578, 0, 0.651582, 0, 1, 0, -0.651582, 0, -0.758578, 0, 0, 0 )
mesh = SubResource( 1 )
skeleton = NodePath("")
material/0 = SubResource( 3 )

[node name="CollisionShape" type="CollisionShape" parent="."]
shape = SubResource( 2 )

[node name="Camera" type="Camera" parent="."]
transform = Transform( 1, 0, 0, 0, 0.98634, 0.164721, 0, -0.164721, 0.98634, 0, 2.26282, 3.7021 )
fov = 88.9

[node name="OmniLight" type="OmniLight" parent="."]
transform = Transform( 0.176039, 0.0817557, 0.980982, -0.42121, 0.906963, -6.252e-09, -0.889715, -0.413199, 0.194097, -0.258759, 2.039, 2.29334 )
light_energy = 0.413
